Ha Quang Dung: [-9.38132852e-02  8.01192075e-02  1.20529886e-02 -5.06571643e-02
 -6.06512986e-02 -5.67283966e-02 -7.43754134e-02 -1.65995836e-01
  1.36787698e-01 -7.32576996e-02  2.57022172e-01 -2.35067997e-02
 -1.75168082e-01 -9.07602832e-02 -2.89169308e-02  1.31010830e-01
 -1.82468399e-01 -1.04379572e-01  1.04196537e-02 -4.08231542e-02
  6.97520524e-02 -1.84274511e-04  1.77937560e-04  1.32947281e-01
 -1.38008490e-01 -3.20135057e-01 -1.63887337e-01 -1.26115650e-01
 -8.69668834e-03 -7.26012066e-02 -7.34790936e-02  2.67310720e-02
 -1.22813210e-01 -3.36918235e-02  3.21791284e-02  4.20835800e-02
  5.13584949e-02 -4.36594151e-02  1.90068379e-01 -1.52117871e-02
 -2.29913324e-01  7.65785277e-02  9.87276286e-02  2.35671356e-01
  2.22671688e-01  5.07841222e-02  1.89194195e-02 -1.36905774e-01
  1.32248297e-01 -4.68721725e-02  4.61510904e-02  1.47381514e-01
  1.17378563e-01  2.27773786e-02 -6.33406192e-02 -1.54291242e-01
 -3.43733244e-02  1.17995381e-01 -1.88845322e-01  2.70202407e-03
  4.69944887e-02 -1.24666855e-01  1.20310299e-03  1.07860134e-03
  1.99601844e-01  1.15440853e-01 -1.41693294e-01 -1.61284506e-01
  1.37013286e-01 -2.17591703e-01 -7.03723803e-02  2.53589004e-02
 -1.74586073e-01 -1.97875798e-01 -2.86633432e-01  5.03198095e-02
  3.89628142e-01  6.13300428e-02 -2.05619693e-01  7.86747858e-02
 -6.58239052e-02 -4.24651615e-02  1.16670124e-01  1.86095133e-01
 -3.55675519e-02 -1.87930726e-02 -8.06399137e-02 -2.16266941e-02
  2.53307402e-01 -1.39823183e-02  2.46941783e-02  2.19631180e-01
 -9.28005576e-03  7.56135061e-02  6.84805214e-02  9.11884680e-02
 -9.78400260e-02  3.65212373e-02 -8.73507410e-02  2.82303281e-02
 -5.21662124e-02 -6.09879866e-02  4.83445497e-03  9.05462056e-02
 -2.13220507e-01  1.23187505e-01  4.46932018e-02 -1.89157482e-02
 -1.51927639e-02  2.33146884e-02 -5.20888753e-02 -1.19088657e-01
  1.48108929e-01 -2.40347385e-01  1.84138611e-01  1.61181435e-01
  8.84613469e-02  1.83998823e-01  8.06640089e-02  1.22755326e-01
 -1.00618545e-02 -4.64011319e-02 -1.72353745e-01  1.87605321e-02
  9.94906425e-02 -6.60210103e-02  1.19675547e-01 -1.40836323e-03]
Ha Quang Dung: [-0.12147122  0.09970009 -0.00628778 -0.06891261 -0.06959084 -0.04339319
 -0.06620567 -0.12984453  0.13325219 -0.06390122  0.29195225 -0.02912347
 -0.17011206 -0.13719878  0.0024766   0.12893873 -0.20562251 -0.10780925
 -0.00047129 -0.01218684  0.11135666  0.00056251 -0.02450439  0.12694852
 -0.1505487  -0.30474782 -0.12122005 -0.13389993  0.07829063 -0.02085905
 -0.12111609 -0.03684913 -0.18724373 -0.09761479  0.06292459  0.0876098
  0.00211625 -0.03035515  0.16472557 -0.06195004 -0.23098083  0.07574206
  0.06957231  0.25396872  0.15359381  0.06844065  0.04433555 -0.11258227
  0.10568475 -0.0862896   0.11950751  0.14932692  0.17828229  0.02522971
 -0.01777282 -0.16627805 -0.03416585  0.19998647 -0.22668056  0.02751934
  0.08276431 -0.07724718  0.02910925 -0.06558686  0.21898597  0.11195268
 -0.13806258 -0.17004526  0.15159726 -0.15871429 -0.0256939   0.08319613
 -0.1499721  -0.20895079 -0.27291459  0.06352305  0.40339687  0.12711157
 -0.18201692  0.03725791 -0.07318847 -0.04384854  0.12171026  0.12640741
  0.00407724  0.00975639 -0.086592    0.03331352  0.22005995 -0.03166091
  0.04636131  0.19583361  0.01862188  0.01624422  0.01337463  0.04388004
 -0.09751326  0.03495874 -0.06442892  0.03725595 -0.07259198 -0.04038161
  0.01832276  0.10298461 -0.18605219  0.11178916  0.03966574 -0.02306324
 -0.04881248 -0.00133542 -0.01870655 -0.10490012  0.1064361  -0.2702578
  0.20911853  0.14940123  0.09890843  0.17614371  0.02048482  0.06476366
  0.01555926 -0.09454356 -0.22434035 -0.00742041  0.10536927 -0.09732731
  0.15689909  0.00353019]
Ha Quang Dung: [-0.13304964  0.15851983 -0.03962689 -0.08102928 -0.11785015 -0.06320486
 -0.06120237 -0.16428563  0.18794771 -0.09298066  0.27715623 -0.06565534
 -0.23626263 -0.10218973 -0.07088488  0.14243561 -0.2261292  -0.1591889
  0.05489524 -0.01709261  0.16340235  0.01274822  0.01756417  0.10139136
 -0.11208043 -0.35070473 -0.07244919 -0.06102518  0.02158432 -0.08329873
 -0.00528599  0.04223473 -0.20825161 -0.05057374  0.0553588   0.09452795
  0.05466289 -0.00709301  0.20840715 -0.06194336 -0.28145552  0.00297256
  0.13634837  0.23913951  0.14688149  0.005959   -0.0102212  -0.17339747
  0.14457758 -0.11560494  0.07760867  0.16678093  0.12744385 -0.00327431
 -0.03712499 -0.18009806 -0.05889524  0.17023261 -0.18154292  0.02258167
  0.08995374 -0.11211255 -0.03232505 -0.07426539  0.16041049  0.06730901
 -0.11378637 -0.21191578  0.13086745 -0.18758129 -0.08752937  0.11394297
 -0.11416093 -0.21159092 -0.30468023 -0.01849105  0.38811478  0.06652734
 -0.15409186  0.09032503 -0.02178775 -0.05809011  0.07345761  0.18345509
 -0.0101842   0.06244344 -0.11495869  0.04361531  0.23647387 -0.02999177
 -0.01390255  0.25014594 -0.00618768  0.11561598  0.03108509  0.08310705
 -0.09779026  0.0232124  -0.14319508 -0.02838233 -0.06127591 -0.05065293
 -0.03469628  0.10052536 -0.21416236  0.09913964  0.02754138  0.00982727
 -0.04992694 -0.00684899  0.01753433 -0.08560141  0.10104827 -0.2440951
  0.20688589  0.1439452   0.10874575  0.20693997  0.07195189  0.04296632
  0.06646463 -0.10670374 -0.1893522  -0.00330774  0.06048229 -0.07838929
  0.11557323 -0.00313553]
Ha Quang Dung: [-0.11193016  0.07461228  0.0048156  -0.05931474 -0.08305284 -0.06290004
 -0.07029035 -0.13597125  0.14850631 -0.05721879  0.27069339  0.0201952
 -0.18062738 -0.14061671  0.00667817  0.08765841 -0.20019874 -0.10091544
  0.02779688 -0.06135616  0.08919827  0.00340502  0.05747571  0.11341866
 -0.12085187 -0.33772242 -0.13856001 -0.15035495  0.06894405 -0.02077262
 -0.07472728  0.01594443 -0.14576173 -0.08004741  0.06254762  0.07555561
  0.0248851  -0.02399156  0.18495305 -0.0359716  -0.1922022   0.06534273
  0.04740112  0.24873692  0.19539614  0.06173017  0.0437518  -0.14088792
  0.11058163 -0.06078546  0.10013351  0.1811358   0.16693935 -0.02370743
 -0.00775908 -0.16400652 -0.01761201  0.11862145 -0.20717978  0.0081919
  0.06487325 -0.06138758  0.01404324 -0.03962187  0.19498524  0.10259339
 -0.12975149 -0.15938798  0.12506582 -0.18191782 -0.04676557  0.06500842
 -0.19238135 -0.2032147  -0.24586214  0.03815031  0.40725115  0.11328172
 -0.17637885  0.06515592 -0.10179339 -0.04877536  0.09127108  0.13851494
 -0.07091624  0.00616234 -0.09445858  0.02396961  0.18112752 -0.02787359
  0.00314845  0.21048455  0.01415491  0.09128347  0.05709081  0.02898658
 -0.09692076  0.04758704 -0.10714384  0.00107864 -0.05967581 -0.07062914
  0.03333148  0.07172777 -0.20991293  0.09295256  0.03371582 -0.02426983
 -0.03165442 -0.00209136 -0.06103531 -0.09818992  0.13621625 -0.25196561
  0.20252338  0.174179    0.11966221  0.20158906  0.07762934  0.06937418
  0.00275517 -0.08391181 -0.16923566  0.02888558  0.07351523 -0.07706994
  0.13580723  0.00224464]
Ha Quang Dung: [-0.15598328  0.08507498  0.0240264  -0.06235714 -0.12378592 -0.01670025
 -0.0796752  -0.09889978  0.17344542 -0.12031894  0.28814948  0.00629784
 -0.16812553 -0.05408273 -0.05145833  0.07317093 -0.21268858 -0.06967217
  0.02838388 -0.01424074  0.13249092 -0.00450477  0.03516256  0.09054989
 -0.13132811 -0.34740317 -0.15984227 -0.11327742  0.05001988 -0.07994901
 -0.07165737 -0.00964606 -0.14625344 -0.05679171  0.02135497  0.08483066
  0.02421    -0.05021909  0.19422108 -0.03304913 -0.21790396  0.0568723
  0.04809925  0.24235702  0.18541081  0.04809153  0.0069578  -0.17354855
  0.15765087 -0.09570471  0.0878946   0.20140731  0.11143713  0.02758176
 -0.00994371 -0.1266087  -0.01048864  0.13664594 -0.1307085  -0.01002666
  0.07717176 -0.06118216  0.05553301 -0.06578716  0.190237    0.1020012
 -0.14074442 -0.16765378  0.11522525 -0.14592588 -0.06153066  0.06802544
 -0.18102422 -0.20837238 -0.22989708  0.05886741  0.45444477  0.1126993
 -0.14239517  0.06172323 -0.15404704 -0.09626749  0.06823621  0.17335422
 -0.04455089  0.00396996 -0.07931101  0.05253611  0.232969   -0.03146648
  0.02531744  0.21092875  0.01231885  0.10210436  0.05148439  0.06911525
 -0.14615895  0.0513529  -0.10402149  0.01680617 -0.05495634 -0.08312671
 -0.00569469  0.09549012 -0.22799969  0.13134238  0.02705846 -0.02992588
 -0.01108539 -0.02951841 -0.06419269 -0.05220004  0.13032849 -0.26245555
  0.20547746  0.13723895  0.13123509  0.2204853   0.11947528  0.09151123
  0.00635814 -0.06808348 -0.17655315  0.01325302  0.06609543 -0.04246683
  0.10514821 -0.01947599]
Ha Quang Dung: [-0.07404834  0.0868104  -0.02928942 -0.06557569 -0.08798207 -0.02877035
 -0.07814485 -0.1077788   0.16479322 -0.0772153   0.25085849 -0.02123111
 -0.19535387 -0.09994151 -0.0316135   0.12044786 -0.23897208 -0.12530257
  0.02837504 -0.00993365  0.13831532  0.02763643  0.03508725  0.13605708
 -0.12623955 -0.37059987 -0.13219894 -0.12544623  0.05270017 -0.03798253
 -0.08079027  0.00041006 -0.14125898 -0.06862049  0.07718715  0.0556924
  0.00292504 -0.06840508  0.17458923  0.00342913 -0.2473795   0.08250798
  0.08450896  0.24023873  0.22803892  0.13030082  0.00899428 -0.15433067
  0.13326295 -0.09275541  0.06596095  0.20254342  0.10920608  0.05326026
 -0.05164476 -0.1861327  -0.01691402  0.14468737 -0.19086266 -0.01766402
  0.01934998 -0.070098    0.05860579 -0.01225125  0.2023885   0.0972586
 -0.13161592 -0.16496524  0.14480324 -0.18570247 -0.07898009  0.08163315
 -0.19922532 -0.20623983 -0.19684598  0.02174493  0.408824    0.08331729
 -0.13381344  0.04224539 -0.06369346 -0.01757081  0.09281509  0.16809356
 -0.03281762 -0.05527377 -0.08644444 -0.00181322  0.23206697 -0.0409559
 -0.00587829  0.21891601 -0.00173672  0.08834112  0.06819765  0.08997395
 -0.11251903  0.0882562  -0.10731299 -0.03364237 -0.01693297 -0.03422614
  0.01085352  0.09385254 -0.2016782   0.10953095  0.02817214 -0.01218139
  0.0014501  -0.00435511 -0.03018457 -0.07389554  0.11976102 -0.23817195
  0.26441386  0.18372907  0.12901437  0.19908586  0.06678292  0.07255545
  0.00804626 -0.11015329 -0.20122199 -0.00887008  0.09018199 -0.03478225
  0.12753516 -0.04022324]
Ha Quang Dung: [-8.77102986e-02  1.25914812e-01 -3.22999507e-02 -1.16519436e-01
 -1.40758425e-01  1.66013557e-02 -1.09849706e-01 -1.80273280e-01
  1.72298387e-01 -8.55851844e-02  2.28896111e-01  3.36443167e-03
 -2.29445428e-01 -1.10983096e-01 -3.40603217e-02  1.04551531e-01
 -2.08973616e-01 -1.10440567e-01  1.37907416e-02 -1.56204272e-02
  1.05294719e-01  1.54129416e-02  9.27987136e-03  5.12421429e-02
 -1.81252733e-01 -2.70738572e-01 -1.28304496e-01 -1.16902381e-01
  4.96239923e-02 -7.53710270e-02 -3.90866473e-02  5.15146600e-03
 -1.29807681e-01  6.34403899e-03  4.19708267e-02  1.22838959e-01
  1.28069974e-03 -4.77721952e-02  1.72387734e-01 -2.26931870e-02
 -1.83033302e-01  2.05727816e-02  3.59794684e-02  1.70057401e-01
  2.53049016e-01  1.44505489e-03  3.87209430e-02 -1.78508341e-01
  1.35153264e-01 -1.23017862e-01  7.84569234e-02  1.66452914e-01
  9.40764695e-02  6.04312867e-02 -3.76041047e-04 -1.97675496e-01
 -9.50702466e-03  1.90566003e-01 -2.12148935e-01 -3.88693325e-02
  9.81583446e-02 -5.80094121e-02 -4.61470447e-02 -5.79759181e-02
  1.86778098e-01  1.22745775e-01 -1.49408877e-01 -1.74205139e-01
  1.36297569e-01 -1.97705254e-01 -7.54506290e-02  5.45246191e-02
 -1.58848926e-01 -1.71003714e-01 -2.70804167e-01  9.48315300e-03
  4.23682898e-01  1.75328836e-01 -1.69330448e-01  3.67003307e-02
 -7.49405548e-02 -3.18599716e-02  7.41192773e-02  6.21799119e-02
 -8.43751729e-02 -1.16163837e-02 -6.36910200e-02  2.10451186e-02
  1.81808159e-01 -9.85851325e-03  4.70186658e-02  2.15620592e-01
  2.04522908e-02  1.05411902e-01  4.77825552e-02  1.67112965e-02
 -7.48187155e-02  2.54342426e-03 -6.04539067e-02 -1.20187365e-02
 -8.45442638e-02 -1.22443162e-01  5.41341566e-02  1.15132675e-01
 -1.93589583e-01  1.84770584e-01  3.49275805e-02 -2.18875706e-03
 -4.08129692e-02 -3.74242812e-02 -3.65793630e-02 -1.59409754e-02
  2.02749908e-01 -2.82674015e-01  1.84524968e-01  1.38239563e-01
  9.50218812e-02  1.97044462e-01  9.45898741e-02  1.35047227e-01
 -5.33886105e-02 -5.88086806e-02 -1.83077484e-01  1.75039582e-02
  3.19591872e-02 -8.60869884e-02  1.32640451e-01  1.65361688e-02]
Ha Quang Dung: [-0.15401773  0.13621365  0.02042793 -0.04765338 -0.10749928 -0.0286968
 -0.10577672 -0.17126665  0.11579392 -0.11126647  0.24834262 -0.02181715
 -0.18624978 -0.13192932  0.01595072  0.09729953 -0.21190871 -0.1445758
  0.03729402 -0.05931957  0.08874878 -0.03326301  0.00600038  0.10904803
 -0.1837545  -0.34202781 -0.12823026 -0.09792495  0.01484248 -0.0603146
 -0.07754491 -0.01899361 -0.19199495 -0.06474544  0.01597503  0.1659168
  0.07986046 -0.05056541  0.15503319 -0.04898027 -0.20300892  0.04660482
  0.08233306  0.22684716  0.24760605  0.01794225  0.03263519 -0.10465354
  0.17182429 -0.12497649  0.10025335  0.14702971  0.09316322  0.02699624
 -0.02353955 -0.1361957  -0.02812416  0.18079604 -0.18948758  0.02788964
  0.09721208 -0.11089006  0.02875514 -0.01162635  0.20400885  0.14920133
 -0.12190786 -0.19121578  0.1256651  -0.21571788 -0.07261684  0.067945
 -0.13206828 -0.17529449 -0.33019152  0.07726481  0.44543239  0.13494797
 -0.15659256  0.04781036 -0.0895887  -0.04679084  0.12932386  0.15024054
 -0.00688545 -0.00090965 -0.11813361  0.04726887  0.27064997  0.0534367
 -0.00659875  0.25202161 -0.00197303  0.08641236  0.08516163  0.12093576
 -0.10726112  0.01504629 -0.08204766  0.02083566 -0.04171771 -0.09722902
  0.01500597  0.10995095 -0.2012735   0.09721039 -0.01927315  0.03149282
 -0.03192821 -0.02123565 -0.04941086 -0.06291455  0.13580048 -0.29886565
  0.16192457  0.15813763  0.0535004   0.20111203  0.0909969   0.09792662
  0.02567151 -0.09847751 -0.15500134 -0.0089128   0.02658579 -0.05385657
  0.14053966  0.03740143]
Ha Quang Dung: [-1.44492403e-01  1.13499075e-01  3.80569100e-02 -4.62737009e-02
 -7.31494054e-02 -4.26181927e-02 -4.69580069e-02 -1.12076633e-01
  1.21425390e-01 -6.66462779e-02  2.55807847e-01 -2.08958648e-02
 -1.22437321e-01 -1.52638108e-01 -8.91637430e-03  1.28713563e-01
 -2.07396179e-01 -1.06982566e-01 -2.86645144e-02 -6.37260154e-02
  9.78064463e-02  5.89693263e-02  1.30209243e-02  9.54487249e-02
 -2.14031249e-01 -3.30158830e-01 -8.21080878e-02 -1.50933206e-01
  2.82970667e-02 -2.27698144e-02 -5.37058562e-02  5.17826900e-02
 -1.46454126e-01 -3.45820561e-02  2.59303525e-02  1.68585494e-01
  4.05327454e-02 -4.53144312e-02  1.55598998e-01 -4.60167043e-03
 -2.11775631e-01  1.19281262e-02  1.06312253e-01  2.63540477e-01
  2.46775001e-01  2.43429840e-02  3.40983942e-02 -5.94614968e-02
  1.13525853e-01 -1.33444741e-01  3.44559439e-02  1.16887935e-01
  9.66257900e-02  5.29834032e-02 -1.80375706e-02 -1.30850971e-01
  1.90908369e-02  7.74183422e-02 -2.04106927e-01 -4.80897985e-02
  5.89573942e-02 -1.38872951e-01 -2.02535857e-02 -2.09731571e-02
  2.35994801e-01  8.99412259e-02 -1.09786265e-01 -1.68593019e-01
  1.19504273e-01 -2.22908780e-01 -1.12357490e-01  7.80508071e-02
 -1.32688284e-01 -1.32427007e-01 -3.34254861e-01  3.23477946e-02
  3.95461172e-01  1.40227139e-01 -1.53230578e-01  8.60666782e-02
 -9.55892652e-02 -4.81530875e-02  8.25122595e-02  1.23906523e-01
 -4.21769693e-02  6.42584339e-02 -1.37114450e-01  2.37035602e-02
  2.49968246e-01 -7.13050738e-03  1.16208540e-02  2.26290956e-01
  2.12569386e-02  4.47701663e-02  5.22471815e-02  1.36939567e-02
 -1.01892650e-01  3.38913463e-02 -7.93634877e-02 -2.38680895e-02
  3.79364491e-02 -5.87562993e-02  2.78884843e-02  9.09920856e-02
 -2.50379056e-01  1.56218201e-01 -5.19135501e-03 -9.22995526e-03
 -2.79044732e-04 -5.71247041e-02 -8.80778804e-02 -2.89800800e-02
  1.84766620e-01 -2.17607245e-01  1.34360030e-01  1.62383124e-01
  1.13453284e-01  1.93727389e-01  1.53634548e-01  6.25092164e-02
 -4.67044413e-02 -5.26351295e-02 -2.01019973e-01 -3.64037720e-03
  8.28562900e-02 -1.03383094e-01  1.60755277e-01  4.14131060e-02]
Do Huu Tuan: [-0.08133571  0.01287382 -0.00929823 -0.06121845 -0.06150503 -0.00415012
 -0.03663622 -0.16456012  0.16663511 -0.11213595  0.24407966  0.00300628
 -0.17353553 -0.15071553  0.00622812  0.12790103 -0.15183818 -0.09919271
 -0.01519565 -0.03636102 -0.02026341 -0.04772328  0.03509556  0.09515195
 -0.10505532 -0.35254097 -0.10697735 -0.16915017 -0.01870699 -0.03465275
 -0.08095382  0.08217808 -0.17168063 -0.06291435  0.0116297   0.11876065
 -0.10421009 -0.02314247  0.2013514  -0.029247   -0.1722462   0.00701817
  0.02834042  0.22585976  0.19488184  0.04218667  0.01920887 -0.07161261
  0.14495312 -0.17805675  0.02691074  0.14820252  0.06110234  0.01636603
 -0.01225076 -0.15415242  0.043932    0.04671712 -0.20868696 -0.00552895
  0.04352004 -0.10163642 -0.06278928  0.01159178  0.24784194  0.16084565
 -0.0898715  -0.17211553  0.16141231 -0.19087294 -0.02739499  0.02791203
 -0.1942323  -0.24495001 -0.25200421  0.04368284  0.35666326  0.12124216
 -0.11622465  0.08486798 -0.08675555 -0.02982166  0.13932669  0.08758887
 -0.00458519 -0.00361143 -0.08299638  0.01086884  0.20142046 -0.06391863
 -0.01969783  0.18559937 -0.0287107   0.08344232  0.04713096 -0.01925765
 -0.05033731  0.08220888 -0.1849293   0.04160609  0.02067305 -0.03084706
  0.04218336  0.05843933 -0.17239846  0.12323241  0.01898804 -0.00124132
  0.01107442 -0.05336355 -0.1849196  -0.06754279  0.16748378 -0.23744144
  0.25968477  0.15942258  0.11858363  0.15331818  0.13950096  0.02071739
  0.01223744 -0.04510564 -0.25015768  0.01586165  0.11241645 -0.04152385
  0.06931326 -0.00150518]
Giang Thanh Cong: [-0.04420847  0.10030591 -0.0099508  -0.02770912 -0.08096413 -0.04197938
 -0.0276619  -0.06139787  0.11279006 -0.04626089  0.29735333 -0.07638627
 -0.23555386 -0.02151456 -0.08158474  0.13399625 -0.17575862 -0.0163193
 -0.02230112  0.02773992  0.04513089 -0.0211851   0.07638052  0.10855357
 -0.03044843 -0.328042   -0.11992424 -0.13909246  0.0098161  -0.09165632
  0.00089232 -0.00040048 -0.15217632 -0.04547837  0.03111909 -0.06936861
 -0.06546368 -0.02080965  0.28931174 -0.00082092 -0.18060856  0.0338703
  0.03771759  0.2743648   0.11951371  0.10019406  0.01254221 -0.16209696
  0.1006911  -0.13343903  0.06745985  0.15786734  0.0834417   0.01081508
 -0.04890844 -0.11963277  0.01921764  0.12504016 -0.14891905  0.05674669
  0.06092338 -0.03513958  0.01264188 -0.03732109  0.25479999  0.0431352
 -0.1175318  -0.15298405  0.1433422  -0.16269149 -0.04431836  0.08691251
 -0.14374667 -0.23019557 -0.24152373  0.0340788   0.3878417   0.112127
 -0.1407053   0.02375882 -0.11656941 -0.08525104  0.0904491   0.15646417
 -0.05219407 -0.0456613  -0.0793255  -0.00212655  0.22966002 -0.10265002
 -0.02800046  0.22977364  0.00396631  0.08407426 -0.00927716 -0.04610931
 -0.09383196  0.03817315 -0.14125241  0.00870645 -0.05086156 -0.02683844
 -0.01933329  0.10401716 -0.20980376  0.08357008  0.02069499 -0.05961481
  0.00278107  0.04663253 -0.12432848 -0.11491356  0.14942841 -0.21631195
  0.2279636   0.14369617  0.18032756  0.09785151  0.12081124  0.05529838
  0.03202011 -0.03778586 -0.22199486  0.02052364  0.12902056 -0.02693433
  0.09227651 -0.04321091]
Giang Thanh Cong: [-0.08140834  0.01725077 -0.03441163 -0.05057166 -0.11464918 -0.06743002
 -0.03204745 -0.0728583   0.19475518 -0.09483831  0.28862154 -0.05368968
 -0.16352211 -0.06654269 -0.02697136  0.11012948 -0.15655361 -0.03996671
 -0.02723889 -0.00402489  0.0472278  -0.04434048  0.07758601  0.18251699
 -0.04532608 -0.36740708 -0.1270413  -0.14177376  0.048894   -0.06964977
 -0.06988022  0.03760142 -0.14579155 -0.08416887  0.03076607 -0.00779705
 -0.06650575 -0.04587175  0.26119518 -0.0055474  -0.17337269  0.03239771
  0.01610578  0.24713245  0.13832135  0.09669141  0.01810252 -0.10293597
  0.09931359 -0.14026941  0.06001596  0.17821532  0.12140671 -0.01228848
  0.01949026 -0.13148637  0.01324689  0.12757394 -0.17117463  0.04228018
  0.00922384 -0.01054109  0.01778411 -0.03470616  0.27657095  0.11991094
 -0.11749959 -0.13592705  0.12606785 -0.1719439  -0.03561674  0.06709889
 -0.17222069 -0.24462901 -0.21081927  0.03064735  0.37415475  0.13375473
 -0.15895979  0.02258381 -0.13122456 -0.08070882  0.07207061  0.11102451
 -0.06766552 -0.06240175 -0.08093667 -0.01622375  0.17963329 -0.04834809
 -0.00611504  0.24560969  0.02305249  0.05851073 -0.00874418 -0.04548438
 -0.0976842   0.04796313 -0.11652046  0.01521411 -0.02507178 -0.02427515
  0.00347702  0.07017195 -0.25167388  0.06378626  0.00463357 -0.06157728
 -0.00039969  0.04956223 -0.15592769 -0.10873547  0.11578178 -0.26443821
  0.21332611  0.16505706  0.1845938   0.15537928  0.07756064  0.0192863
  0.04946773 -0.04777805 -0.16272523  0.02362051  0.10985418 -0.04787554
  0.05948225 -0.0177392 ]
Giang Thanh Cong: [-0.07882773  0.05689728  0.00868586 -0.05997199 -0.07212217 -0.05078937
 -0.02773009 -0.06611117  0.15449496 -0.07060462  0.2814768  -0.10088833
 -0.23753726 -0.03592734 -0.04659205  0.12149847 -0.15069854 -0.02522197
 -0.01228493  0.01096328  0.03976037 -0.02026059  0.05111985  0.14781766
 -0.03725481 -0.3504172  -0.13243255 -0.14150009  0.03706183 -0.08335567
 -0.03417741  0.04336311 -0.11122608 -0.05244361  0.03099474  0.00861458
 -0.08365024 -0.01664571  0.29794392 -0.01868756 -0.15339647  0.00901192
  0.02346818  0.27670431  0.14441082  0.1101279   0.02699468 -0.11026856
  0.09683866 -0.1574126   0.09939423  0.19086978  0.11580356  0.02773541
  0.01293303 -0.16145812  0.00665245  0.14209282 -0.16666655  0.06633484
  0.04235018 -0.02333032  0.03099099 -0.00143811  0.27442858  0.07117433
 -0.13430533 -0.12265474  0.17073151 -0.15799895 -0.02788882  0.05803635
 -0.19190735 -0.22454709 -0.22607146  0.05623912  0.35474375  0.11347567
 -0.14707473  0.03610543 -0.10311892 -0.08634381  0.08109038  0.11168599
 -0.06941187 -0.08388144 -0.07484912 -0.00460024  0.18176541 -0.06886674
 -0.01048643  0.20984802  0.00821217  0.05978131 -0.00590792 -0.0445275
 -0.08826721  0.02922589 -0.13983305  0.01412866 -0.02160747 -0.03218349
 -0.00675443  0.10780779 -0.23642503  0.11011545  0.02158625 -0.05934023
 -0.01999775  0.04107914 -0.1607637  -0.08106004  0.17603716 -0.231464
  0.23012717  0.14640319  0.16794574  0.12261011  0.10193715  0.04032815
  0.06493822 -0.0405298  -0.19744164  0.01474234  0.12442324 -0.02038391
  0.07443977 -0.00176259]
Giang Thanh Cong: [-0.08880338  0.04281449  0.00332144 -0.01737263 -0.08329878 -0.05137578
 -0.07115793 -0.07654165  0.17658481 -0.07399428  0.24598825 -0.03863886
 -0.22804739 -0.02528594 -0.07364216  0.16018136 -0.19579485 -0.04707166
 -0.00110647  0.02156484  0.03751186 -0.03337931  0.05864207  0.11602993
 -0.04993004 -0.35783732 -0.13583942 -0.15026999  0.03215008 -0.09765852
 -0.06001588  0.03727684 -0.1236645  -0.03210122  0.01917198  0.00360085
 -0.04881681 -0.05083103  0.29228571  0.01287537 -0.20337085 -0.01626324
  0.02410989  0.25218761  0.15488411  0.08511405  0.04591517 -0.11782417
  0.11312225 -0.13434805  0.06016324  0.17796025  0.09657951  0.03377129
  0.0171997  -0.20099472 -0.00570348  0.09097655 -0.09174699  0.02856186
  0.04447811 -0.01205033  0.04740702 -0.01012791  0.27488396  0.05319936
 -0.11385883 -0.13428953  0.16389698 -0.13467743 -0.016344    0.06845804
 -0.19366921 -0.22630361 -0.23316835  0.02421276  0.38265634  0.09572073
 -0.13198276  0.03842307 -0.12195984 -0.09410156  0.08764639  0.14037314
 -0.04011726 -0.02685209 -0.08481564 -0.01156515  0.21749571 -0.08171467
  0.00426599  0.17159605 -0.00910086  0.07518833 -0.01977144 -0.02734389
 -0.09515326  0.06038448 -0.11763785  0.00804436 -0.01051369 -0.01563345
  0.00659319  0.09768212 -0.19221757  0.04775248  0.04027803 -0.04197977
 -0.01788966  0.06708512 -0.17740385 -0.09890018  0.15874532 -0.22608729
  0.24633871  0.15539941  0.12155797  0.11741275  0.10118449  0.08603453
  0.01385818 -0.03164396 -0.17871253  0.02147732  0.10699469  0.00212379
  0.0615795  -0.01570806]
Giang Thanh Cong: [-5.92902415e-02  8.77754092e-02  1.22881345e-02  7.70448660e-03
 -6.19782917e-02 -5.97975515e-02 -4.58727106e-02 -8.61736014e-02
  1.06821276e-01 -6.25028759e-02  2.53611505e-01 -6.96305335e-02
 -2.19900906e-01 -3.19689624e-02 -4.32332866e-02  1.23112157e-01
 -1.46764770e-01 -5.24755046e-02 -2.00567357e-02  2.18170881e-02
  1.72182843e-02 -6.49164291e-03  6.40600398e-02  1.04732811e-01
 -1.83972921e-02 -3.25332940e-01 -1.23020902e-01 -1.34575740e-01
  3.11214477e-02 -7.40666762e-02 -4.62082177e-02 -5.56025235e-03
 -1.34740889e-01 -4.39963043e-02  3.37600708e-02 -6.70753047e-02
 -5.86322509e-02 -4.22178395e-02  2.93520927e-01 -2.88074128e-02
 -1.99349672e-01  1.18379090e-02  4.51425426e-02  2.63746798e-01
  1.21533327e-01  8.95790532e-02  1.11799352e-02 -1.29337683e-01
  8.48518685e-02 -1.20007679e-01  8.55605602e-02  1.61965176e-01
  1.01380505e-01  1.39726587e-02 -3.98800746e-02 -1.63815722e-01
 -1.11307018e-03  9.28759649e-02 -1.34777784e-01  6.87642843e-02
  5.77656738e-02 -3.44670564e-02  1.65907033e-02 -2.99786264e-03
  2.64866501e-01  4.75465991e-02 -1.09711163e-01 -1.60652220e-01
  1.35177284e-01 -1.64686739e-01 -1.33700436e-02  9.62281451e-02
 -1.54295981e-01 -2.37287298e-01 -2.11443916e-01  4.66862693e-02
  3.48616272e-01  9.40189064e-02 -1.38102576e-01  3.82601842e-02
 -1.11101151e-01 -8.38150755e-02  9.28693935e-02  1.44559607e-01
 -4.76943329e-02 -4.45745103e-02 -8.47959816e-02 -4.50864807e-03
  2.37543628e-01 -9.24888104e-02 -3.43876928e-02  2.17361242e-01
 -2.69217417e-04  5.04773445e-02 -1.24194548e-02 -2.58815959e-02
 -6.75694868e-02  4.34746742e-02 -1.25998810e-01  1.47542832e-02
  1.03820916e-02 -2.30925269e-02 -1.01324655e-02  1.09830022e-01
 -2.10245624e-01  6.56166375e-02  2.95549296e-02 -3.83857489e-02
  2.37678662e-02  4.25852798e-02 -1.48718491e-01 -1.26201347e-01
  1.50553554e-01 -2.13091493e-01  2.35254943e-01  1.32664829e-01
  1.71727687e-01  1.04463123e-01  1.02206267e-01  5.33039533e-02
  5.72113432e-02 -4.63901348e-02 -2.05646440e-01  1.67805534e-02
  1.40158281e-01 -1.22492425e-02  8.47520530e-02 -8.38593207e-03]
Giang Thanh Cong: [-0.04941389  0.06789064  0.03182292 -0.00958461 -0.06688184 -0.04373027
 -0.02908394 -0.04741104  0.13324434 -0.06158953  0.24820748 -0.08981752
 -0.22636938 -0.00045267 -0.05884899  0.12948863 -0.14535341 -0.03861472
 -0.03663691  0.01759148  0.02239548 -0.01204219  0.06514904  0.11823429
 -0.03208147 -0.36216408 -0.12245829 -0.14620934  0.02004573 -0.08217057
 -0.04131338  0.01942266 -0.12024857 -0.03782343  0.02344907 -0.05444958
 -0.06859376 -0.03347188  0.28039813 -0.0009292  -0.19615178  0.01185096
  0.03565975  0.27006266  0.14522623  0.13670479  0.01307725 -0.1297089
  0.08616295 -0.15576319  0.09033222  0.1642918   0.073668    0.0258904
  0.00887759 -0.15292665 -0.00581088  0.09192383 -0.15264638  0.06227084
  0.03408469 -0.00766686  0.04509135 -0.02771365  0.26589781  0.05855048
 -0.11764109 -0.12496828  0.15816833 -0.18239464 -0.015944    0.07173656
 -0.14288929 -0.23196441 -0.22327572  0.04754004  0.35849041  0.11212572
 -0.1179721   0.0212519  -0.10484587 -0.10391296  0.08177082  0.13142362
 -0.06660141 -0.06165    -0.06308661 -0.01132183  0.21971783 -0.08628069
 -0.00767198  0.22470985 -0.01856082  0.03864041 -0.024044   -0.01737553
 -0.1046872   0.06804098 -0.14025031  0.02035079 -0.00829827 -0.01956562
 -0.00087653  0.09972316 -0.22661498  0.05993719  0.00879251 -0.06700078
  0.00801563  0.04948007 -0.17773679 -0.11445183  0.1673837  -0.22721043
  0.21441321  0.15004255  0.16393766  0.1033532   0.1069617   0.0493047
  0.0606018  -0.05059344 -0.20940603  0.02037186  0.14033426 -0.01258417
  0.04979998 -0.00236689]
Pham Trong Nghia: [-0.11156135  0.08218057  0.03585385 -0.09932359 -0.02175274 -0.06084936
 -0.0594896  -0.12733337  0.14165714 -0.12141248  0.23154448 -0.02722405
 -0.15044217 -0.16143022 -0.01820717  0.16683827 -0.20151024 -0.13783607
 -0.01569826 -0.00884138  0.08556352 -0.05751251  0.02132274  0.06933875
 -0.18446626 -0.34329581 -0.12933391 -0.14939336 -0.02420782  0.00189781
 -0.01898168 -0.00476377 -0.22166541 -0.02114503 -0.00805616  0.02595131
 -0.01296447 -0.03428878  0.18876627  0.05681572 -0.17757058 -0.053932
  0.024628    0.20977944  0.12469301  0.04008038  0.05094155 -0.10519461
  0.13582723 -0.13800284  0.03285844  0.1201575   0.07881781  0.05159638
  0.02729191 -0.10050087  0.04155112  0.09755791 -0.16276148  0.01725074
 -0.00125982 -0.03924621 -0.08711841 -0.08479459  0.28959823  0.11219774
 -0.13517644 -0.1244295   0.17381729 -0.07513228 -0.04669068  0.03355703
 -0.15134841 -0.16678713 -0.29743761  0.02146448  0.35676777  0.09543613
 -0.18336366  0.00850484 -0.13705158 -0.03249293  0.08348495  0.09439716
 -0.068138    0.08178736 -0.03370521  0.01433205  0.21835165 -0.06293932
  0.00070113  0.20918557 -0.04288397  0.10054354 -0.01817897 -0.06971965
 -0.08748799  0.02893016 -0.11456184 -0.01405686  0.04839677 -0.01816054
 -0.00218503  0.10206896 -0.17885898  0.0591765   0.06217245 -0.03403776
 -0.00468017  0.04760687 -0.19527058 -0.13197032  0.10668143 -0.18038099
  0.20716761  0.17306735  0.09328306  0.09422401  0.15172911  0.03772569
 -0.04664883 -0.02790886 -0.17691723  0.02592965  0.17167006 -0.0336644
  0.07739435 -0.04563569]
Pham Trong Nghia: [-8.99781734e-02  9.37908217e-02  1.47011448e-02 -1.10761613e-01
 -2.24343278e-02 -8.96911547e-02 -6.08415380e-02 -1.15063906e-01
  1.43218428e-01 -9.37951952e-02  2.09608644e-01 -2.19859630e-02
 -1.49992138e-01 -1.99356690e-01 -1.38778072e-02  1.85733363e-01
 -1.93053827e-01 -1.51101410e-01 -3.47721800e-02 -3.86528112e-02
  9.32236761e-02 -7.17782825e-02  1.73260570e-02  9.58276242e-02
 -1.62771851e-01 -3.25420409e-01 -1.38090864e-01 -1.50764152e-01
 -1.61748230e-02 -1.31804356e-02 -1.80160142e-02  1.56033775e-02
 -2.04093516e-01 -3.54015902e-02  3.55523452e-03  3.81165929e-02
  1.56133138e-02 -2.95103416e-02  1.60439789e-01  6.50207549e-02
 -1.77442208e-01 -2.12867893e-02  2.34887470e-02  2.23065391e-01
  1.38797522e-01  4.32238765e-02  6.09044507e-02 -9.53421518e-02
  1.42301857e-01 -1.30124837e-01  7.15502948e-02  1.34256557e-01
  9.71838459e-02  7.26790130e-02  5.84657900e-02 -1.15626082e-01
  7.33842924e-02  1.25465482e-01 -1.76952407e-01  2.68749427e-02
  2.37350352e-04 -4.09037285e-02 -7.88683668e-02 -8.12639669e-02
  2.60967970e-01  1.15914501e-01 -1.19039223e-01 -1.58537835e-01
  1.87383652e-01 -8.51631686e-02 -6.28926978e-02  4.36931662e-02
 -1.60443664e-01 -1.57568470e-01 -3.04684401e-01  5.18970601e-02
  3.74519348e-01  1.58420816e-01 -2.26545095e-01  1.45340795e-02
 -1.43116564e-01 -2.35194638e-02  9.97335315e-02  9.13241804e-02
 -4.93383594e-02  5.47990687e-02 -6.82705343e-02 -2.58437004e-02
  1.84380025e-01 -5.00675663e-02 -1.13764647e-02  2.22973540e-01
 -1.39044058e-02  1.06405273e-01 -2.81897541e-02 -8.31339210e-02
 -9.35393274e-02  5.19955084e-02 -1.09389946e-01 -3.77235338e-02
  2.54837945e-02 -2.29256731e-02 -2.58403122e-02  8.46413821e-02
 -1.64469913e-01  7.30556399e-02  7.29544982e-02 -1.24058425e-02
 -4.98773456e-02  9.04176086e-02 -1.70604184e-01 -1.32113904e-01
  9.50271636e-02 -1.97524980e-01  2.23577753e-01  2.05979601e-01
  1.09221198e-01  9.41733271e-02  1.39391065e-01  6.86552376e-02
 -2.11248957e-02 -7.19535872e-02 -1.52772024e-01  2.24601422e-02
  1.59157738e-01 -3.51730399e-02  4.32078876e-02 -1.17198732e-02]
Pham Trong Nghia: [-0.07949986  0.10717913  0.01722662 -0.10570138 -0.06141906 -0.06068544
 -0.13024801 -0.10498787  0.1487643  -0.09597761  0.22067206 -0.01942748
 -0.15246998 -0.15567338 -0.01606331  0.14410347 -0.19949277 -0.15396962
 -0.00731086  0.02305427  0.13236924 -0.03782501  0.04027151  0.05061921
 -0.17244388 -0.37772581 -0.10620554 -0.15708974 -0.02856044 -0.00296145
 -0.02195098 -0.04219726 -0.23323201 -0.05976497  0.00211952  0.0444647
 -0.0220357  -0.05900485  0.18709388  0.04985267 -0.24055266 -0.02321862
  0.00281271  0.20201658  0.12623957  0.06722796  0.06395468 -0.10245794
  0.14621642 -0.14747015  0.05840851  0.1498411   0.08549736  0.03781515
  0.04259948 -0.08849698  0.05282529  0.13387749 -0.18892257  0.00064703
  0.02036095 -0.03165358 -0.04736803 -0.10397462  0.28367361  0.14022546
 -0.10790928 -0.1461999   0.15649545 -0.05830103 -0.0852113   0.07855928
 -0.15370882 -0.17205293 -0.27927655 -0.0194144   0.38634881  0.0866694
 -0.18207745 -0.00389227 -0.13187064 -0.02414321  0.10499831  0.09252848
  0.00258891  0.06944453 -0.05339444  0.0104214   0.24184065 -0.08963304
 -0.02090527  0.19531722 -0.02855367  0.11984169 -0.02583602 -0.0353469
 -0.08009659  0.071985   -0.09832873 -0.0053441   0.05138908  0.02657553
 -0.01461284  0.08569862 -0.15543599  0.04118403  0.06590344 -0.01022271
 -0.00334038  0.02705101 -0.1368434  -0.12573321  0.0944465  -0.20843627
  0.25082195  0.16798598  0.07279979  0.09902199  0.11424306  0.011766
 -0.02545152 -0.08267423 -0.23103343 -0.01132034  0.13280417  0.00667776
  0.07758673 -0.0318511 ]
Pham Trong Nghia: [-5.40130660e-02  1.35251880e-01  2.38487478e-02 -1.07972786e-01
 -5.65237366e-02 -7.29436874e-02 -9.43846926e-02 -9.19647366e-02
  1.98622450e-01 -9.15761739e-02  2.37802401e-01  2.12183278e-02
 -1.47264346e-01 -1.67144433e-01 -5.48935076e-03  1.53879285e-01
 -2.11348608e-01 -1.86614573e-01 -3.13305072e-02 -7.92120211e-03
  7.53934011e-02 -2.56159343e-02  2.38907635e-02  7.39315674e-02
 -1.38418600e-01 -3.91119212e-01 -1.15167499e-01 -1.88212335e-01
 -1.66335758e-02 -2.18046922e-02 -3.37970965e-02  7.05874804e-03
 -2.33065635e-01 -6.33536503e-02  8.05234630e-03  1.25051858e-02
 -3.09993085e-02  6.20657206e-03  1.89410955e-01  8.29746202e-02
 -2.20159665e-01 -1.36171691e-02  1.25591476e-02  2.27402270e-01
  1.60057127e-01  6.18559569e-02  3.26397866e-02 -6.09949492e-02
  1.43162966e-01 -1.62622273e-01  9.11737829e-02  1.65678054e-01
  1.26027077e-01  6.94867820e-02  7.40745738e-02 -1.65532529e-01
  4.69999611e-02  1.14528865e-01 -2.06691951e-01  9.30195674e-05
 -3.50383073e-02 -8.24014172e-02 -7.20870420e-02 -3.92068215e-02
  3.13110888e-01  1.26911268e-01 -8.54292065e-02 -1.56548381e-01
  1.98158368e-01 -6.27254844e-02 -5.54436520e-02  7.81070367e-02
 -1.76879361e-01 -1.42110169e-01 -3.12446237e-01  5.04415818e-02
  3.86484414e-01  8.96521211e-02 -2.06515104e-01  2.31829174e-02
 -1.47728503e-01 -3.03270146e-02  2.87666637e-02  6.76791891e-02
 -7.16900006e-02  5.63762523e-02 -9.83664393e-02 -2.55243853e-02
  1.57949522e-01 -6.03474304e-02 -1.93626154e-02  2.01425806e-01
 -4.10225950e-02  1.20798811e-01  1.10690501e-02 -6.24524914e-02
 -1.11705706e-01 -9.23679210e-04 -1.50991917e-01 -7.29121566e-02
  9.34440549e-03  3.36970296e-03 -7.47878700e-02  1.10632986e-01
 -1.85105324e-01  3.07359900e-02  5.50539680e-02 -5.66948950e-02
 -7.74531811e-02  6.07123673e-02 -1.09008260e-01 -1.63203374e-01
  9.09526497e-02 -2.08152622e-01  2.52430439e-01  1.70949429e-01
  8.79286826e-02  1.38473660e-01  8.91479403e-02  4.39294614e-04
 -6.61237910e-02 -9.09650922e-02 -1.88693568e-01  3.03374650e-03
  1.52138978e-01  8.77353363e-04  3.59671935e-02 -1.20329857e-02]
Pham Trong Nghia: [-1.00276813e-01  1.04113996e-01  1.51700601e-02 -1.08762689e-01
 -1.50038684e-02 -1.10298797e-01 -7.95540810e-02 -1.08452089e-01
  1.35138109e-01 -9.41118449e-02  2.35113263e-01 -2.82636639e-02
 -1.57032534e-01 -2.02167362e-01 -1.42743951e-02  1.79358438e-01
 -2.38009244e-01 -1.31614476e-01 -1.42890457e-02 -7.28804395e-02
  1.04182586e-01 -5.13595529e-02  1.15255034e-02  7.62690157e-02
 -1.57299384e-01 -3.18901479e-01 -1.25979707e-01 -1.64775759e-01
 -1.02975713e-02 -2.54301094e-02 -1.57123804e-02 -2.55626946e-04
 -2.03150138e-01 -5.58184907e-02  1.37421554e-02  1.80500858e-02
  1.25849275e-02 -1.33901071e-02  1.49335802e-01  3.56920175e-02
 -1.51569203e-01 -2.44878288e-02  4.27035689e-02  2.17665464e-01
  1.52873501e-01  5.48016541e-02  1.74312890e-02 -1.06127329e-01
  1.37158170e-01 -1.28945798e-01  8.23706686e-02  1.23292983e-01
  9.95643511e-02  9.01502073e-02  5.89068010e-02 -1.09220579e-01
  5.25841564e-02  1.35915786e-01 -2.01422930e-01  1.93049647e-02
 -8.43965448e-03 -6.83810115e-02 -8.04737210e-02 -7.88636059e-02
  2.54312962e-01  1.17687009e-01 -1.18662357e-01 -1.54382333e-01
  1.81377411e-01 -8.87912512e-02 -7.47696683e-02  5.22472486e-02
 -1.28610551e-01 -1.54988989e-01 -3.07849765e-01  3.92579883e-02
  3.41738433e-01  1.42328277e-01 -2.12028280e-01  1.23616792e-02
 -1.19991079e-01 -4.97529469e-02  1.04624808e-01  8.75129849e-02
 -4.11042050e-02  3.83763947e-02 -4.20871601e-02 -1.18459584e-02
  1.56539902e-01 -4.84767333e-02 -2.51889098e-02  2.24370137e-01
 -3.46446633e-02  1.11731924e-01 -1.02681424e-02 -6.04113638e-02
 -9.12210271e-02  4.07082029e-02 -1.11849479e-01 -4.73057628e-02
  2.68517006e-02 -2.71424614e-02 -3.56523618e-02  7.81650767e-02
 -1.51441544e-01  6.28299862e-02  7.77150095e-02 -1.43078566e-02
 -5.57629429e-02  5.88771701e-02 -1.30187839e-01 -1.17222339e-01
  9.19722095e-02 -2.19504863e-01  2.49322116e-01  1.99966028e-01
  1.04045026e-01  1.24709070e-01  1.00366242e-01  3.56559306e-02
 -2.54582427e-02 -1.06292784e-01 -1.62860692e-01  2.21945941e-02
  1.50558606e-01 -2.62962207e-02  6.04764186e-02 -1.51393395e-02]
Ha Quang Dung: [-0.12147122  0.09970009 -0.00628778 -0.06891261 -0.06959084 -0.04339319
 -0.06620567 -0.12984453  0.13325219 -0.06390122  0.29195225 -0.02912347
 -0.17011206 -0.13719878  0.0024766   0.12893873 -0.20562251 -0.10780925
 -0.00047129 -0.01218684  0.11135666  0.00056251 -0.02450439  0.12694852
 -0.1505487  -0.30474782 -0.12122005 -0.13389993  0.07829063 -0.02085905
 -0.12111609 -0.03684913 -0.18724373 -0.09761479  0.06292459  0.0876098
  0.00211625 -0.03035515  0.16472557 -0.06195004 -0.23098083  0.07574206
  0.06957231  0.25396872  0.15359381  0.06844065  0.04433555 -0.11258227
  0.10568475 -0.0862896   0.11950751  0.14932692  0.17828229  0.02522971
 -0.01777282 -0.16627805 -0.03416585  0.19998647 -0.22668056  0.02751934
  0.08276431 -0.07724718  0.02910925 -0.06558686  0.21898597  0.11195268
 -0.13806258 -0.17004526  0.15159726 -0.15871429 -0.0256939   0.08319613
 -0.1499721  -0.20895079 -0.27291459  0.06352305  0.40339687  0.12711157
 -0.18201692  0.03725791 -0.07318847 -0.04384854  0.12171026  0.12640741
  0.00407724  0.00975639 -0.086592    0.03331352  0.22005995 -0.03166091
  0.04636131  0.19583361  0.01862188  0.01624422  0.01337463  0.04388004
 -0.09751326  0.03495874 -0.06442892  0.03725595 -0.07259198 -0.04038161
  0.01832276  0.10298461 -0.18605219  0.11178916  0.03966574 -0.02306324
 -0.04881248 -0.00133542 -0.01870655 -0.10490012  0.1064361  -0.2702578
  0.20911853  0.14940123  0.09890843  0.17614371  0.02048482  0.06476366
  0.01555926 -0.09454356 -0.22434035 -0.00742041  0.10536927 -0.09732731
  0.15689909  0.00353019]
