Ha Quang Dung: [-0.16184734  0.10952772 -0.00353336 -0.04228234 -0.09231894 -0.02769899
 -0.00040024 -0.15614782  0.13691379 -0.02957836  0.31778237 -0.02463986
 -0.15722317 -0.17328925 -0.02292941  0.16168237 -0.18801691 -0.11404759
  0.01572824 -0.04368395  0.11800789 -0.01198086  0.01031583  0.13492458
 -0.13541792 -0.34253341 -0.10732239 -0.1473908   0.07984883 -0.06121856
 -0.06451544 -0.01018621 -0.18200117 -0.09694862  0.05705341  0.03701809
  0.01731756 -0.03666205  0.17856236 -0.05899131 -0.21674015  0.04249877
  0.08840186  0.2723304   0.14119825  0.03032581  0.04789117 -0.12865746
  0.08178678 -0.05879291  0.06511678  0.12934643  0.11615665  0.00889569
 -0.05672244 -0.15001278 -0.04851941  0.14072396 -0.21678302  0.03760022
  0.09029561 -0.10957571 -0.01602302 -0.07862724  0.21371748  0.10689868
 -0.11551733 -0.20585859  0.14878902 -0.15601192 -0.02020466  0.05186658
 -0.16694285 -0.1997197  -0.26325971  0.06690583  0.374248    0.11268118
 -0.18302232  0.02834422 -0.10554986  0.00820664  0.10471799  0.13643271
  0.01412721  0.00665247 -0.09135641  0.01406053  0.1898797  -0.03606505
  0.02516079  0.22126748 -0.00702801  0.01444166  0.03015322  0.0458067
 -0.12748307  0.06870795 -0.07623987  0.01397319 -0.07149722 -0.04432888
  0.07722534  0.10414752 -0.18579645  0.10663284  0.0161507   0.00861116
 -0.02864923  0.00297838 -0.03871563 -0.11396144  0.10535228 -0.21738389
  0.24620166  0.16330245  0.12022202  0.1787532   0.06299222  0.0842822
 -0.00219798 -0.06022133 -0.18058361  0.04935056  0.09810389 -0.11968136
  0.12349056 -0.01566987]
Le Dinh Tu: [-0.03249791  0.16196676 -0.02435146 -0.10252537 -0.05479658 -0.04921151
 -0.05373027 -0.14131948  0.18297072 -0.09868831  0.28133401 -0.01411206
 -0.22679335 -0.13356577 -0.02214657  0.18732952 -0.13829026 -0.14842963
 -0.0695111  -0.00345628  0.07877327 -0.00995821  0.04278891  0.01273528
 -0.06825406 -0.32886189 -0.13417187 -0.07896147  0.03431058 -0.08012381
 -0.05585882  0.04384115 -0.17896548 -0.10655248  0.0606937   0.03291314
 -0.0491392  -0.06433266  0.26639062  0.00705551 -0.2054189   0.01145464
  0.03013932  0.26808074  0.14974372  0.00849996  0.07281826 -0.15632959
  0.10470516 -0.12052181  0.07938623  0.15089464  0.136012    0.07258713
 -0.00405129 -0.15033241  0.04261638  0.12101968 -0.14328094 -0.00127447
  0.09942897 -0.09382051 -0.08431628 -0.05764258  0.29873601  0.05966222
 -0.14155583 -0.17916927  0.13677996 -0.04486742 -0.06487648  0.04421733
 -0.22012539 -0.17889416 -0.2886107   0.05496018  0.3908084   0.09184127
 -0.21535617  0.08237548 -0.08854948 -0.00853441  0.10419377  0.15962245
 -0.04576372  0.05692409 -0.07655973  0.04755772  0.21352792 -0.11758906
 -0.08827952  0.20366989 -0.02247145  0.15756549  0.00237876 -0.0025356
 -0.03449941  0.02235744 -0.12728439 -0.00042228  0.08961713 -0.01494419
 -0.02467175  0.15145722 -0.12431336  0.09530957  0.03440438  0.05752285
  0.00297027 -0.0024916  -0.08465535 -0.12460418  0.10502016 -0.21023621
  0.24365087  0.16869625  0.06096727  0.08856911  0.16094826  0.06237862
  0.05536668 -0.02978854 -0.23963438  0.00796643  0.15895274  0.03664955
  0.11920576 -0.00040121]
Ha Quang Dung: [-0.16184734  0.10952772 -0.00353336 -0.04228234 -0.09231894 -0.02769899
 -0.00040024 -0.15614782  0.13691379 -0.02957836  0.31778237 -0.02463986
 -0.15722317 -0.17328925 -0.02292941  0.16168237 -0.18801691 -0.11404759
  0.01572824 -0.04368395  0.11800789 -0.01198086  0.01031583  0.13492458
 -0.13541792 -0.34253341 -0.10732239 -0.1473908   0.07984883 -0.06121856
 -0.06451544 -0.01018621 -0.18200117 -0.09694862  0.05705341  0.03701809
  0.01731756 -0.03666205  0.17856236 -0.05899131 -0.21674015  0.04249877
  0.08840186  0.2723304   0.14119825  0.03032581  0.04789117 -0.12865746
  0.08178678 -0.05879291  0.06511678  0.12934643  0.11615665  0.00889569
 -0.05672244 -0.15001278 -0.04851941  0.14072396 -0.21678302  0.03760022
  0.09029561 -0.10957571 -0.01602302 -0.07862724  0.21371748  0.10689868
 -0.11551733 -0.20585859  0.14878902 -0.15601192 -0.02020466  0.05186658
 -0.16694285 -0.1997197  -0.26325971  0.06690583  0.374248    0.11268118
 -0.18302232  0.02834422 -0.10554986  0.00820664  0.10471799  0.13643271
  0.01412721  0.00665247 -0.09135641  0.01406053  0.1898797  -0.03606505
  0.02516079  0.22126748 -0.00702801  0.01444166  0.03015322  0.0458067
 -0.12748307  0.06870795 -0.07623987  0.01397319 -0.07149722 -0.04432888
  0.07722534  0.10414752 -0.18579645  0.10663284  0.0161507   0.00861116
 -0.02864923  0.00297838 -0.03871563 -0.11396144  0.10535228 -0.21738389
  0.24620166  0.16330245  0.12022202  0.1787532   0.06299222  0.0842822
 -0.00219798 -0.06022133 -0.18058361  0.04935056  0.09810389 -0.11968136
  0.12349056 -0.01566987]
Le Dinh Tu: [-0.03249791  0.16196676 -0.02435146 -0.10252537 -0.05479658 -0.04921151
 -0.05373027 -0.14131948  0.18297072 -0.09868831  0.28133401 -0.01411206
 -0.22679335 -0.13356577 -0.02214657  0.18732952 -0.13829026 -0.14842963
 -0.0695111  -0.00345628  0.07877327 -0.00995821  0.04278891  0.01273528
 -0.06825406 -0.32886189 -0.13417187 -0.07896147  0.03431058 -0.08012381
 -0.05585882  0.04384115 -0.17896548 -0.10655248  0.0606937   0.03291314
 -0.0491392  -0.06433266  0.26639062  0.00705551 -0.2054189   0.01145464
  0.03013932  0.26808074  0.14974372  0.00849996  0.07281826 -0.15632959
  0.10470516 -0.12052181  0.07938623  0.15089464  0.136012    0.07258713
 -0.00405129 -0.15033241  0.04261638  0.12101968 -0.14328094 -0.00127447
  0.09942897 -0.09382051 -0.08431628 -0.05764258  0.29873601  0.05966222
 -0.14155583 -0.17916927  0.13677996 -0.04486742 -0.06487648  0.04421733
 -0.22012539 -0.17889416 -0.2886107   0.05496018  0.3908084   0.09184127
 -0.21535617  0.08237548 -0.08854948 -0.00853441  0.10419377  0.15962245
 -0.04576372  0.05692409 -0.07655973  0.04755772  0.21352792 -0.11758906
 -0.08827952  0.20366989 -0.02247145  0.15756549  0.00237876 -0.0025356
 -0.03449941  0.02235744 -0.12728439 -0.00042228  0.08961713 -0.01494419
 -0.02467175  0.15145722 -0.12431336  0.09530957  0.03440438  0.05752285
  0.00297027 -0.0024916  -0.08465535 -0.12460418  0.10502016 -0.21023621
  0.24365087  0.16869625  0.06096727  0.08856911  0.16094826  0.06237862
  0.05536668 -0.02978854 -0.23963438  0.00796643  0.15895274  0.03664955
  0.11920576 -0.00040121]
Ha Quang Dung: [-0.16184734  0.10952772 -0.00353336 -0.04228234 -0.09231894 -0.02769899
 -0.00040024 -0.15614782  0.13691379 -0.02957836  0.31778237 -0.02463986
 -0.15722317 -0.17328925 -0.02292941  0.16168237 -0.18801691 -0.11404759
  0.01572824 -0.04368395  0.11800789 -0.01198086  0.01031583  0.13492458
 -0.13541792 -0.34253341 -0.10732239 -0.1473908   0.07984883 -0.06121856
 -0.06451544 -0.01018621 -0.18200117 -0.09694862  0.05705341  0.03701809
  0.01731756 -0.03666205  0.17856236 -0.05899131 -0.21674015  0.04249877
  0.08840186  0.2723304   0.14119825  0.03032581  0.04789117 -0.12865746
  0.08178678 -0.05879291  0.06511678  0.12934643  0.11615665  0.00889569
 -0.05672244 -0.15001278 -0.04851941  0.14072396 -0.21678302  0.03760022
  0.09029561 -0.10957571 -0.01602302 -0.07862724  0.21371748  0.10689868
 -0.11551733 -0.20585859  0.14878902 -0.15601192 -0.02020466  0.05186658
 -0.16694285 -0.1997197  -0.26325971  0.06690583  0.374248    0.11268118
 -0.18302232  0.02834422 -0.10554986  0.00820664  0.10471799  0.13643271
  0.01412721  0.00665247 -0.09135641  0.01406053  0.1898797  -0.03606505
  0.02516079  0.22126748 -0.00702801  0.01444166  0.03015322  0.0458067
 -0.12748307  0.06870795 -0.07623987  0.01397319 -0.07149722 -0.04432888
  0.07722534  0.10414752 -0.18579645  0.10663284  0.0161507   0.00861116
 -0.02864923  0.00297838 -0.03871563 -0.11396144  0.10535228 -0.21738389
  0.24620166  0.16330245  0.12022202  0.1787532   0.06299222  0.0842822
 -0.00219798 -0.06022133 -0.18058361  0.04935056  0.09810389 -0.11968136
  0.12349056 -0.01566987]
Le Dinh Tu: [-0.03249791  0.16196676 -0.02435146 -0.10252537 -0.05479658 -0.04921151
 -0.05373027 -0.14131948  0.18297072 -0.09868831  0.28133401 -0.01411206
 -0.22679335 -0.13356577 -0.02214657  0.18732952 -0.13829026 -0.14842963
 -0.0695111  -0.00345628  0.07877327 -0.00995821  0.04278891  0.01273528
 -0.06825406 -0.32886189 -0.13417187 -0.07896147  0.03431058 -0.08012381
 -0.05585882  0.04384115 -0.17896548 -0.10655248  0.0606937   0.03291314
 -0.0491392  -0.06433266  0.26639062  0.00705551 -0.2054189   0.01145464
  0.03013932  0.26808074  0.14974372  0.00849996  0.07281826 -0.15632959
  0.10470516 -0.12052181  0.07938623  0.15089464  0.136012    0.07258713
 -0.00405129 -0.15033241  0.04261638  0.12101968 -0.14328094 -0.00127447
  0.09942897 -0.09382051 -0.08431628 -0.05764258  0.29873601  0.05966222
 -0.14155583 -0.17916927  0.13677996 -0.04486742 -0.06487648  0.04421733
 -0.22012539 -0.17889416 -0.2886107   0.05496018  0.3908084   0.09184127
 -0.21535617  0.08237548 -0.08854948 -0.00853441  0.10419377  0.15962245
 -0.04576372  0.05692409 -0.07655973  0.04755772  0.21352792 -0.11758906
 -0.08827952  0.20366989 -0.02247145  0.15756549  0.00237876 -0.0025356
 -0.03449941  0.02235744 -0.12728439 -0.00042228  0.08961713 -0.01494419
 -0.02467175  0.15145722 -0.12431336  0.09530957  0.03440438  0.05752285
  0.00297027 -0.0024916  -0.08465535 -0.12460418  0.10502016 -0.21023621
  0.24365087  0.16869625  0.06096727  0.08856911  0.16094826  0.06237862
  0.05536668 -0.02978854 -0.23963438  0.00796643  0.15895274  0.03664955
  0.11920576 -0.00040121]
Ha Quang Dung: [-0.06665719  0.04143835  0.02546099 -0.0051304  -0.15830716  0.00169748
 -0.03503875 -0.09957657  0.10320676 -0.02278997  0.2973496  -0.00133491
 -0.20710897 -0.1075664   0.01517194  0.12888414 -0.1597597  -0.05714373
 -0.01469235 -0.01021618  0.07393379  0.00231016  0.00512177  0.1225213
 -0.18626651 -0.36341777 -0.12809244 -0.13574368  0.03571909 -0.11077113
 -0.05537702  0.09112766 -0.12411903 -0.01508627  0.0248071   0.01756587
  0.02429132 -0.04793522  0.16353291 -0.00571943 -0.25111187  0.02742543
  0.0605049   0.20063891  0.17784493  0.03038357  0.06854211 -0.04624469
  0.08110756 -0.13346249  0.10077748  0.10294656  0.15107046  0.00784824
 -0.03734891 -0.19780999 -0.09490966  0.12352036 -0.24046007  0.03272306
  0.01076621 -0.10327718 -0.04296295 -0.07006302  0.15743446  0.15605819
 -0.14095871 -0.17438211  0.12934835 -0.22587797 -0.06162231  0.06232827
 -0.17306122 -0.19079345 -0.37307447  0.04259793  0.38300157  0.10570857
 -0.19522187 -0.0143367  -0.0673488  -0.02447361  0.01120763  0.11723283
 -0.04663166 -0.00616735 -0.06062293  0.02028668  0.17200893 -0.01842259
  0.00322934  0.25631669 -0.00772984  0.05464176  0.01709293  0.07321337
 -0.05580102 -0.0178508  -0.01982612  0.03622784 -0.05538446 -0.09436195
  0.03962459  0.10749613 -0.24095824  0.14561155  0.00874398 -0.00684656
  0.00812405  0.03194082 -0.11791156 -0.08343562  0.17277956 -0.29556733
  0.16825636  0.18279472  0.09495526  0.16070656  0.05434579  0.07807928
 -0.03460801 -0.08232987 -0.17964229  0.01310007  0.10064347 -0.13855994
  0.05410892  0.01799796]
Nguyen Thi Hong Nhung: [-1.78469032e-01  5.93366362e-02  8.38023126e-02 -4.83835712e-02
 -1.26661360e-01 -5.56139052e-02  6.37682807e-03 -7.79074356e-02
  1.78117886e-01 -8.78157914e-02  3.20638090e-01 -1.18631996e-01
 -2.47776940e-01 -6.27035126e-02 -5.93386441e-02  2.41458014e-01
 -2.24917307e-01 -7.73130506e-02 -5.21162376e-02  1.49591239e-02
  8.19243714e-02 -4.10930403e-02  4.92854379e-02  5.28585091e-02
 -1.44612387e-01 -4.36680526e-01 -6.89489916e-02 -8.82605240e-02
 -7.61489645e-02 -2.85264403e-02 -3.06856930e-02  1.04644962e-01
 -2.33769357e-01 -7.22812116e-02 -5.28953876e-03  3.98080572e-02
 -2.99199275e-03 -4.31909226e-02  1.94899082e-01 -1.85826737e-02
 -2.82001346e-01  1.42631317e-02  8.38818848e-02  2.14414626e-01
  1.15083538e-01  2.01571304e-02  4.07945812e-02 -1.06630310e-01
  7.81289414e-02 -1.69936523e-01  3.20050865e-04  1.40086383e-01
  1.08705916e-01 -3.47870626e-02 -1.56752989e-02 -1.03454046e-01
 -4.80837282e-03  1.38805673e-01 -1.45019010e-01 -2.25066636e-02
  1.04830474e-01 -6.67305514e-02 -4.70403060e-02 -9.68333930e-02
  2.29529813e-01  1.00315824e-01 -1.14251494e-01 -1.46849558e-01
  1.21364906e-01 -7.38833994e-02  4.28520888e-03  7.44133741e-02
 -2.06848890e-01 -2.33485222e-01 -3.30095887e-01 -3.73388082e-03
  3.75791997e-01  8.44124798e-03 -1.54589877e-01  1.35405194e-02
 -1.12261929e-01  1.41907465e-02  8.00829157e-02  1.65947676e-01
  1.27905644e-02  1.98652707e-02 -8.34160447e-02  3.88524458e-02
  1.96910843e-01 -9.29168537e-02  2.01380253e-03  2.38027155e-01
  1.18898479e-02  1.05079543e-03 -4.68874834e-02 -3.22622247e-02
 -6.15574270e-02  2.34451350e-02 -9.51024964e-02  3.37877050e-02
 -1.22396573e-02 -5.12527674e-03 -3.97134386e-02  7.10605606e-02
 -2.17643172e-01  6.73969649e-03 -4.69483947e-03  9.12019983e-03
  3.39511000e-02 -1.27490619e-02 -6.19940720e-02 -1.31244183e-01
  8.13748986e-02 -2.32586980e-01  1.36672452e-01  1.90108553e-01
  1.56543255e-02  1.15642101e-01  6.87639266e-02  5.11965007e-02
 -1.21824406e-02  2.56512910e-02 -2.11722806e-01  3.82235274e-02
  1.48487493e-01 -6.00095764e-02  6.50642887e-02 -3.82274166e-02]
Ha Quang Dung: [-1.06590152e-01  1.56143993e-01  1.12516731e-02 -3.75371911e-02
 -1.15288578e-01 -5.06096743e-02 -2.03126036e-02 -1.04306787e-01
  1.38822615e-01 -3.59656028e-02  3.67985845e-01 -3.98986936e-02
 -1.78166136e-01 -8.39269161e-02 -3.19063105e-02  1.29760101e-01
 -2.06699833e-01 -6.27042204e-02 -2.59177554e-02  5.65761887e-03
  1.58360124e-01 -3.76368151e-03  1.65255857e-03  6.91336617e-02
 -1.55293852e-01 -3.04267913e-01 -7.77551308e-02 -1.24378324e-01
  6.39243349e-02 -1.09529980e-01 -4.55863923e-02 -2.30086502e-02
 -1.75631434e-01 -6.37219772e-02  2.01449189e-02 -2.55024806e-03
  1.57264061e-02 -1.77770369e-02  1.87009916e-01 -2.34880652e-02
 -2.88233846e-01  3.13502289e-02  5.73591553e-02  2.41360486e-01
  1.86650455e-01  1.74844135e-02  2.45943218e-02 -1.39650524e-01
  7.91130215e-02 -8.97734463e-02  1.10885426e-01  1.17218614e-01
  2.03768402e-01  2.04134509e-02 -2.44937390e-02 -1.40230805e-01
 -5.63445352e-02  1.28126636e-01 -2.11491525e-01  3.79810343e-04
  1.11324273e-01 -7.25475997e-02  2.25927774e-03 -6.99462891e-02
  1.98921025e-01  9.70565006e-02 -1.28567249e-01 -1.83193028e-01
  1.22793399e-01 -1.53292060e-01 -8.00341070e-02  1.17282398e-01
 -1.43583000e-01 -2.08021089e-01 -3.22596997e-01  4.03261706e-02
  4.33053017e-01  7.99561068e-02 -2.10723937e-01 -5.18509466e-03
 -8.29835981e-02 -5.85244372e-02  9.90742072e-02  1.64707333e-01
 -8.60733911e-04  1.43550737e-02 -7.31733963e-02  3.57026830e-02
  2.01636434e-01 -8.65700766e-02 -3.60705368e-02  2.03296617e-01
 -1.13694537e-02  2.00470090e-02 -7.71307852e-04  5.12026548e-02
 -7.80869424e-02  5.37643805e-02 -2.74665952e-02  8.32692720e-03
 -6.23821318e-02 -5.61860017e-02 -1.64202042e-02  1.16998650e-01
 -2.01015443e-01  1.13332868e-01  3.25353667e-02 -6.30412623e-03
 -2.05641352e-02 -1.23957766e-03 -1.03712240e-02 -1.03810698e-01
  1.06493182e-01 -2.66092509e-01  2.22949177e-01  1.45298243e-01
  7.43461326e-02  1.40450701e-01  3.01006548e-02  6.72027171e-02
  3.20362709e-02 -3.93433794e-02 -1.92763895e-01  1.81831010e-02
  7.51330256e-02 -9.89616737e-02  1.31879210e-01 -2.02852599e-02]
Nguyen Thi Hong Nhung: [-0.17950599  0.06841957  0.04103396 -0.04796768 -0.11200938 -0.05702592
  0.02001533 -0.08854181  0.20627336 -0.06809051  0.31481579 -0.10173701
 -0.21841481 -0.07533382 -0.04559172  0.24492998 -0.23903456 -0.08640618
 -0.05822679 -0.01677648  0.09024264 -0.0277837   0.02811517  0.07610477
 -0.14278822 -0.43343127 -0.0599005  -0.08957529 -0.04319528 -0.00709772
  0.00744268  0.12758332 -0.24463202 -0.07464258  0.01089706  0.05226105
 -0.0039189  -0.04618427  0.19422977 -0.02137807 -0.26351681 -0.00863266
  0.09305838  0.20075266  0.1168347  -0.00055024  0.05905572 -0.12467658
  0.09221333 -0.15349458 -0.04539028  0.15023367  0.09236585 -0.02015703
 -0.01528904 -0.11536806 -0.00860529  0.14401449 -0.16099256 -0.03243265
  0.07907671 -0.09644604 -0.06053837 -0.099603    0.24370569  0.10687933
 -0.11275585 -0.16608684  0.14187922 -0.0781885  -0.0087708   0.06348323
 -0.17991784 -0.23057799 -0.33519515  0.00351104  0.3785274  -0.01036376
 -0.16372895  0.05687024 -0.09904911  0.00896938  0.09299296  0.18834072
  0.01193099  0.01053829 -0.08922062  0.01961199  0.19904482 -0.08216056
  0.01901114  0.22074035 -0.00873293  0.0155543  -0.03195576 -0.01348232
 -0.09603395  0.0402355  -0.08728666  0.02644182 -0.01452916  0.01119912
 -0.02231347  0.05838366 -0.17511973  0.01944066 -0.00712421  0.01387209
  0.01847712 -0.02845561 -0.04289323 -0.13051148  0.07563816 -0.22353916
  0.1639336   0.15240987 -0.02169272  0.15709765  0.07547919  0.09050632
 -0.02411056  0.02833235 -0.20948629  0.04769973  0.14121448 -0.06425677
  0.04675129 -0.05678483]
Ha Quang Dung: [-0.04644096  0.04742283  0.01508559 -0.0503968  -0.12541109 -0.00310338
 -0.0860001  -0.09458461  0.11291664 -0.02760306  0.26334441  0.00411516
 -0.16590977 -0.14049396 -0.01794908  0.14378265 -0.17500393 -0.0937598
  0.01418836 -0.01345715  0.07431714  0.04585677  0.01323414  0.09214159
 -0.17989841 -0.38185087 -0.11853873 -0.13187617  0.02809863 -0.06006436
 -0.07345311  0.09042749 -0.13465779 -0.02324643  0.08647835  0.07011908
 -0.02602479 -0.04728641  0.16580796  0.01054792 -0.24750033  0.06180226
  0.05554197  0.21006547  0.19830598  0.07003489  0.07206217 -0.11614229
  0.13999611 -0.11099613  0.09929216  0.16662997  0.11107559  0.03287265
 -0.04446004 -0.1579669  -0.04994174  0.14141326 -0.26452318  0.00202384
  0.01588656 -0.09627698 -0.01525358 -0.06904785  0.14455239  0.13287629
 -0.14019608 -0.19064908  0.15800251 -0.21044448 -0.05919913  0.07118157
 -0.17793122 -0.21874571 -0.31981248  0.03970257  0.36077759  0.10874493
 -0.13732541  0.02136068 -0.02409272 -0.03467333  0.04068804  0.14404449
 -0.04343501 -0.01098883 -0.03625275  0.02378633  0.20789593 -0.03640145
  0.00529119  0.23628032 -0.017139    0.09803577  0.01893857  0.0867121
 -0.0669779   0.04999451 -0.04801968  0.04377918 -0.0482498  -0.05751514
  0.05292995  0.10995145 -0.18619263  0.15308389 -0.00685561  0.00447851
 -0.01294341 -0.01786    -0.08080874 -0.08832448  0.14860667 -0.26071146
  0.21637474  0.17302082  0.12531208  0.17307846  0.08374904  0.05543701
 -0.01315319 -0.12993337 -0.22464287  0.01158681  0.10544667 -0.09478154
  0.07412753  0.00318383]
